start_calc
start_sort
end calc
score : my_pos : pair_pos : direction 
0 |cost: 4267, (3,0), (1,1), 2, 
1 |cost: 6089, (2,0), (2,1), 1, 
2 |cost: 6142, (0,0), (0,1), 1, 
3 |cost: 6360, (1,0), (3,1), 2, 
4 |cost: 6621, (1,1), (3,1), 1, 
5 |cost: 7054, (1,0), (3,0), 0, 
6 |cost: 8201, (0,1), (2,1), 3, 
7 |cost: 9330, (1,0), (0,1), 3, 
8 |cost: 11845, (0,0), (3,0), 2, 
9 |cost: 11971, (0,0), (2,0), 3, 
10 |cost: 14802, (1,0), (0,1), 1, 
11 |cost: 14844, (2,0), (0,1), 1, 
12 |cost: 15018, (0,1), (2,1), 0, 
13 |cost: 15064, (3,0), (3,1), 1, 
14 |cost: 15565, (1,0), (1,1), 0, 
15 |cost: 15583, (0,0), (2,1), 1, 
16 |cost: 16051, (1,0), (2,1), 1, 
17 |cost: 16369, (0,1), (3,1), 0, 
18 |cost: 17527, (1,0), (3,1), 0, 
19 |cost: 18536, (0,0), (1,0), 1, 
20 |cost: 18604, (0,1), (2,1), 1, 
21 |cost: 18608, (1,0), (2,0), 0, 
22 |cost: 19088, (2,1), (3,1), 0, 
23 |cost: 19323, (1,0), (2,1), 3, 
24 |cost: 19406, (3,0), (0,1), 1, 
25 |cost: 20413, (3,0), (2,1), 1, 
26 |cost: 22923, (0,1), (3,1), 2, 
27 |cost: 22978, (2,1), (3,1), 2, 
28 |cost: 23036, (1,0), (3,1), 1, 
29 |cost: 23359, (1,0), (0,1), 2, 
30 |cost: 23759, (1,0), (0,1), 0, 
31 |cost: 24062, (2,0), (3,1), 1, 
32 |cost: 24376, (1,1), (2,1), 1, 
33 |cost: 24788, (0,1), (2,1), 2, 
34 |cost: 25963, (0,1), (1,1), 0, 
35 |cost: 26017, (1,0), (2,1), 2, 
36 |cost: 26756, (0,0), (3,1), 1, 
37 |cost: 27444, (1,0), (2,1), 0, 
38 |cost: 28273, (0,1), (3,1), 1, 
39 |cost: 32369, (0,1), (3,1), 3, 
40 |cost: 33596, (2,1), (3,1), 1, 
41 |cost: 33837, (1,0), (3,1), 3, 
42 |cost: 35965, (2,1), (3,1), 3, 
43 |cost: 36159, (0,0), (2,0), 2, 
44 |cost: 46318, (2,0), (3,0), 2, 
45 |cost: 47278, (2,0), (1,1), 3, 
46 |cost: 50205, (0,0), (1,1), 3, 
47 |cost: 51033, (0,0), (3,1), 3, 
48 |cost: 51357, (0,0), (1,0), 3, 
49 |cost: 53582, (3,0), (1,1), 3, 
50 |cost: 53852, (2,0), (3,1), 2, 
51 |cost: 57948, (0,0), (0,1), 3, 
52 |cost: 58855, (0,0), (2,1), 3, 
53 |cost: 59081, (1,0), (2,0), 3, 
54 |cost: 61275, (2,0), (0,1), 2, 
55 |cost: 67701, (2,0), (2,1), 2, 
56 |cost: 68206, (2,0), (1,1), 0, 
57 |cost: 69859, (2,0), (3,0), 0, 
58 |cost: 69863, (0,0), (1,1), 2, 
59 |cost: 73326, (1,0), (2,0), 2, 
60 |cost: 75648, (1,0), (3,0), 2, 
61 |cost: 75983, (0,0), (3,1), 2, 
62 |cost: 76655, (2,0), (0,1), 3, 
63 |cost: 77056, (2,0), (2,1), 3, 
64 |cost: 77534, (1,1), (3,1), 2, 
65 |cost: 78736, (2,0), (3,1), 3, 
66 |cost: 79922, (2,0), (3,1), 0, 
67 |cost: 80439, (0,0), (2,0), 1, 
68 |cost: 80725, (3,0), (0,1), 3, 
69 |cost: 80769, (2,0), (3,0), 3, 
70 |cost: 80992, (0,0), (1,0), 2, 
71 |cost: 81592, (3,0), (2,1), 3, 
72 |cost: 82041, (1,0), (2,0), 1, 
73 |cost: 82213, (1,0), (1,1), 3, 
74 |cost: 82668, (3,0), (3,1), 3, 
75 |cost: 84062, (0,0), (0,1), 2, 
76 |cost: 85377, (0,1), (1,1), 3, 
77 |cost: 87486, (2,0), (0,1), 0, 
78 |cost: 91215, (1,1), (2,1), 2, 
79 |cost: 91330, (0,0), (2,1), 2, 
80 |cost: 92433, (3,0), (1,1), 0, 
81 |cost: 93727, (2,0), (2,1), 0, 
82 |cost: 95338, (2,0), (1,1), 2, 
83 |cost: 95542, (3,0), (1,1), 1, 
84 |cost: 96269, (0,0), (1,1), 0, 
85 |cost: 97652, (0,0), (3,0), 3, 
86 |cost: 102696, (0,0), (3,0), 0, 
87 |cost: 107248, (1,0), (1,1), 1, 
88 |cost: 108041, (1,1), (3,1), 0, 
89 |cost: 109162, (2,0), (1,1), 1, 
90 |cost: 110176, (0,0), (1,1), 1, 
91 |cost: 110566, (1,0), (3,0), 1, 
92 |cost: 111359, (3,0), (3,1), 0, 
93 |cost: 112480, (2,0), (3,0), 1, 
94 |cost: 113494, (0,0), (3,0), 1, 
95 |cost: 114402, (0,0), (1,0), 0, 
96 |cost: 115195, (0,0), (3,1), 0, 
97 |cost: 116007, (0,1), (1,1), 1, 
98 |cost: 116316, (0,0), (2,0), 0, 
99 |cost: 119325, (3,0), (0,1), 0, 
100 |cost: 123161, (0,0), (0,1), 0, 
101 |cost: 123684, (1,1), (2,1), 0, 
102 |cost: 127002, (3,0), (2,1), 0, 
103 |cost: 130838, (0,0), (2,1), 0, 
104 |cost: 136266, (1,1), (3,1), 3, 
105 |cost: 137886, (1,0), (1,1), 2, 
106 |cost: 138193, (3,0), (3,1), 2, 
107 |cost: 144660, (1,0), (3,0), 3, 
108 |cost: 145185, (0,1), (1,1), 2, 
109 |cost: 146848, (1,1), (2,1), 3, 
110 |cost: 148134, (3,0), (0,1), 2, 
111 |cost: 157340, (3,0), (2,1), 2, 
now data 
pair : 0
  (3,0) || (0,0)
  (1,1) || (1,0)
pair : 1
  (2,0) || (0,0)
  (2,1) || (0,1)
pair : 2
  (0,0) || (0,0)
  (0,1) || (0,1)
pair : 3
  (1,0) || (0,0)
  (3,1) || (1,0)
part_1 : 0
marg : 0 to 3
PP : (1,1)
PP : (3,1)
discription : 1
type:A
p_s_x : 1 p_s_y : 0
p_s_x : 1 p_s_y : 1
dif_x : 0 dif_y : 1
pair : 0
  (1,0) || (0,1)
  (3,0) || (0,0)
  (1,1) || (1,0)
  (3,1) || (1,1)
pair : 1
  (2,0) || (0,0)
  (2,1) || (0,1)
pair : 2
  (0,0) || (0,0)
  (0,1) || (0,1)
pair : 3
now data 
pair : 0
  (1,0) || (0,1)
  (3,0) || (0,0)
  (1,1) || (1,0)
  (3,1) || (1,1)
pair : 1
  (2,0) || (0,0)
  (2,1) || (0,1)
pair : 2
  (0,0) || (0,0)
  (0,1) || (0,1)
pair : 3
part_1 : 2
marg : 1 to 2
PP : (0,1)
PP : (2,1)
discription : 3
type:B
p_s_x : 1 p_s_y : 1
dif_x : 1 dif_y : 0
pair : 0
  (1,0) || (0,1)
  (3,0) || (0,0)
  (1,1) || (1,0)
  (3,1) || (1,1)
pair : 1
  (0,0) || (1,0)
  (2,0) || (0,0)
  (0,1) || (1,1)
  (2,1) || (0,1)
pair : 2
pair : 3
now data 
pair : 0
  (1,0) || (0,1)
  (3,0) || (0,0)
  (1,1) || (1,0)
  (3,1) || (1,1)
pair : 1
  (0,0) || (1,0)
  (2,0) || (0,0)
  (0,1) || (1,1)
  (2,1) || (0,1)
pair : 2
pair : 3
part_1 : 0
marg : 0 to 1
PP : (1,0)
PP : (0,1)
discription : 3
type:A
p_s_x : 0 p_s_y : 1
p_s_x : -1 p_s_y : 1
dif_x : -2 dif_y : 0
pair : 0
  (0,0) || (-1,0)
  (1,0) || (0,1)
  (2,0) || (-2,0)
  (3,0) || (0,0)
  (0,1) || (-1,1)
  (1,1) || (1,0)
  (2,1) || (-2,1)
  (3,1) || (1,1)
pair : 1
pair : 2
pair : 3
----------
placement 
  (0,0) || (1,0) 
  (1,0) || (2,1) 
  (2,0) || (0,0) 
  (3,0) || (2,0) 
  (0,1) || (1,1) 
  (1,1) || (3,0) 
  (2,1) || (0,1) 
  (3,1) || (3,1) 
