start_calc
start_sort
end calc
score : my_pos : pair_pos : direction 
0 |cost: 1733376, (0,0), (1,0), 1, 
1 |cost: 2171392, (0,0), (1,1), 0, 
2 |cost: 3526144, (0,1), (0,2), 0, 
3 |cost: 4659200, (0,1), (1,2), 1, 
4 |cost: 5818880, (1,0), (1,1), 0, 
5 |cost: 6792960, (0,0), (1,1), 1, 
6 |cost: 6863360, (1,0), (1,2), 2, 
7 |cost: 7578112, (1,1), (0,2), 2, 
8 |cost: 9504256, (0,0), (1,0), 0, 
9 |cost: 10171904, (0,0), (0,1), 2, 
10 |cost: 10273280, (1,0), (1,1), 1, 
11 |cost: 13875456, (0,2), (1,2), 1, 
12 |cost: 14787328, (0,1), (1,2), 0, 
13 |cost: 15949568, (0,2), (1,2), 0, 
14 |cost: 16241920, (0,1), (0,2), 1, 
15 |cost: 17822720, (0,1), (1,1), 3, 
16 |cost: 17988608, (0,0), (0,2), 2, 
17 |cost: 20429312, (0,0), (1,2), 2, 
18 |cost: 20558336, (1,0), (0,1), 2, 
19 |cost: 21461504, (0,0), (1,0), 2, 
20 |cost: 21839360, (0,0), (1,1), 2, 
21 |cost: 21937152, (1,0), (0,2), 2, 
22 |cost: 22177280, (1,0), (1,1), 2, 
23 |cost: 22228992, (0,0), (1,0), 3, 
24 |cost: 22238720, (0,0), (1,1), 3, 
25 |cost: 22331392, (1,0), (1,1), 3, 
26 |cost: 22881280, (1,1), (1,2), 2, 
27 |cost: 24083200, (1,0), (0,2), 1, 
28 |cost: 24222976, (1,0), (0,1), 1, 
29 |cost: 24465920, (1,0), (1,2), 1, 
30 |cost: 26264320, (0,0), (1,2), 1, 
31 |cost: 26378240, (1,0), (0,1), 0, 
32 |cost: 26512896, (0,0), (0,1), 0, 
33 |cost: 26707968, (0,0), (0,1), 1, 
34 |cost: 26725376, (0,0), (0,2), 1, 
35 |cost: 26755840, (1,0), (0,2), 0, 
36 |cost: 27046912, (1,1), (1,2), 1, 
37 |cost: 27062016, (0,0), (0,2), 0, 
38 |cost: 27574528, (0,1), (1,1), 0, 
39 |cost: 27883520, (1,0), (1,2), 0, 
40 |cost: 28291584, (0,0), (1,2), 0, 
41 |cost: 28604160, (1,1), (0,2), 1, 
42 |cost: 28876800, (0,1), (1,1), 1, 
43 |cost: 29385472, (1,1), (0,2), 0, 
44 |cost: 29876736, (1,1), (1,2), 0, 
45 |cost: 33255424, (0,1), (1,1), 2, 
46 |cost: 34561536, (0,0), (0,1), 3, 
47 |cost: 34838528, (1,1), (1,2), 3, 
48 |cost: 36031488, (1,0), (0,1), 3, 
49 |cost: 36144640, (0,0), (1,2), 3, 
50 |cost: 36962304, (1,1), (0,2), 3, 
51 |cost: 36965376, (0,1), (1,2), 2, 
52 |cost: 37624832, (1,0), (1,2), 3, 
53 |cost: 38261248, (0,0), (0,2), 3, 
54 |cost: 39730176, (1,0), (0,2), 3, 
55 |cost: 40737792, (0,2), (1,2), 2, 
56 |cost: 42971648, (0,1), (0,2), 2, 
57 |cost: 44455424, (0,2), (1,2), 3, 
58 |cost: 45622272, (0,1), (1,2), 3, 
59 |cost: 47430656, (0,1), (0,2), 3, 
now data 
pair : 0
  (0,0) || (0,0)
  (1,0) || (0,1)
  (1,1) || (0,-1)
pair : 1
  (0,1) || (0,0)
  (0,2) || (0,-1)
  (1,2) || (0,1)
part_1 : 0
marg : 0 to 1
PP1 : (1,0)
PP2 : (1,2)
discription : 2
type:A
p_s_x : 0 p_s_y : 1
p_s_x : 1 p_s_y : 1
dif_x : 1 dif_y : 0
pair : 0
  (0,0) || (0,0)
  (1,0) || (0,1)
  (0,1) || (1,0)
  (1,1) || (0,-1)
  (0,2) || (1,-1)
  (1,2) || (1,1)
pair : 1
----------
placement 
  (0,0) || (0,1) 
  (1,0) || (0,2) 
  (0,1) || (1,1) 
  (1,1) || (0,0) 
  (0,2) || (1,0) 
  (1,2) || (1,2) 
mpx :1 mpy :2
s_x :0 s_y :256 CopyTo:0
s_x :0 s_y :512 CopyTo:1
s_x :512 s_y :256 CopyTo:2
s_x :0 s_y :0 CopyTo:3
s_x :512 s_y :0 CopyTo:4
s_x :512 s_y :512 CopyTo:5
